XP_022089444.1	BMPR1B|H.sapiens	53.535	495	204	9	38	528	30	502	0.0	530
XP_022089444.1	BMPR1A|H.sapiens	53.131	495	207	12	38	528	59	532	0.0	514
XP_022089444.1	TGFBR1|H.sapiens	46.545	492	238	8	39	528	35	503	8.11e-151	434
XP_022089444.1	ACVR1C|H.sapiens	45.657	495	238	9	37	527	25	492	1.14e-144	418
XP_022089444.1	ACVR1|H.sapiens	44.239	486	246	7	36	521	38	498	1.46e-143	416
XP_022089444.1	ACVR1B|H.sapiens	54.131	351	156	3	179	528	159	505	1.18e-136	397
XP_022089444.1	ACVRL1|H.sapiens	48.565	418	206	5	111	527	89	498	3.41e-132	386
XP_022089444.1	ACVR2A|H.sapiens	37.370	289	174	5	237	522	199	483	2.57e-63	207
XP_022089444.1	TGFBR2|H.sapiens	38.158	304	178	4	230	525	244	545	6.22e-63	207
XP_022089444.1	ACVR2B|H.sapiens	37.282	287	172	6	228	510	188	470	3.34e-61	202
XP_022089444.1	BMPR2|H.sapiens	29.423	503	288	16	31	521	57	504	2.07e-55	192
XP_022103298.1	ACVR1|H.sapiens	55.078	512	212	8	12	520	5	501	0.0	551
XP_022103298.1	ACVRL1|H.sapiens	51.076	511	225	9	10	520	10	495	2.21e-170	484
XP_022103298.1	TGFBR1|H.sapiens	53.066	424	183	3	96	519	90	497	1.73e-155	446
XP_022103298.1	ACVR1C|H.sapiens	49.487	487	217	10	46	523	27	493	6.70e-154	442
XP_022103298.1	BMPR1B|H.sapiens	48.936	470	219	7	56	520	44	497	3.13e-151	435
XP_022103298.1	BMPR1A|H.sapiens	47.284	497	243	8	26	520	48	527	3.68e-151	436
XP_022103298.1	ACVR1B|H.sapiens	48.554	484	220	9	45	518	34	498	4.58e-144	417
XP_022103298.1	ACVR2B|H.sapiens	32.311	489	266	13	52	524	49	488	1.10e-73	235
XP_022103298.1	TGFBR2|H.sapiens	34.679	421	246	6	95	504	126	528	2.09e-72	233
XP_022103298.1	ACVR2A|H.sapiens	33.114	456	251	14	64	507	59	472	2.76e-69	224
XP_022103298.1	BMPR2|H.sapiens	31.290	473	257	13	59	504	60	491	1.00e-60	208
XP_022103289.1	ACVR1|H.sapiens	55.106	519	202	9	12	521	5	501	0.0	551
XP_022103289.1	ACVRL1|H.sapiens	51.367	512	223	11	10	521	10	495	8.73e-170	483
XP_022103289.1	TGFBR1|H.sapiens	52.706	425	184	3	96	520	90	497	8.85e-155	444
XP_022103289.1	ACVR1C|H.sapiens	49.170	482	227	7	46	524	27	493	1.08e-152	439
XP_022103289.1	BMPR1A|H.sapiens	47.590	498	241	7	26	521	48	527	2.10e-151	437
XP_022103289.1	BMPR1B|H.sapiens	48.832	471	219	8	56	521	44	497	2.71e-149	430
XP_022103289.1	ACVR1B|H.sapiens	48.660	485	219	9	45	519	34	498	2.54e-145	420
XP_022103289.1	ACVR2B|H.sapiens	32.712	483	273	12	52	525	49	488	2.87e-74	237
XP_022103289.1	TGFBR2|H.sapiens	34.597	422	246	6	95	505	126	528	3.12e-72	233
XP_022103289.1	ACVR2A|H.sapiens	32.967	455	254	12	64	508	59	472	1.74e-68	221
XP_022103289.1	BMPR2|H.sapiens	31.013	474	258	13	59	505	60	491	5.40e-60	206
XP_022103306.1	ACVR1|H.sapiens	56.800	500	187	9	25	515	22	501	0.0	550
XP_022103306.1	ACVRL1|H.sapiens	53.878	477	205	9	39	515	34	495	1.55e-169	482
XP_022103306.1	TGFBR1|H.sapiens	52.706	425	184	3	90	514	90	497	9.76e-155	444
XP_022103306.1	ACVR1C|H.sapiens	49.170	482	227	7	40	518	27	493	8.43e-153	439
XP_022103306.1	BMPR1A|H.sapiens	46.154	520	254	8	4	515	26	527	7.26e-152	437
XP_022103306.1	BMPR1B|H.sapiens	48.832	471	219	8	50	515	44	497	3.06e-149	430
XP_022103306.1	ACVR1B|H.sapiens	48.660	485	219	9	39	513	34	498	3.30e-145	420
XP_022103306.1	ACVR2B|H.sapiens	32.712	483	273	12	46	519	49	488	2.98e-74	236
XP_022103306.1	TGFBR2|H.sapiens	34.845	419	249	7	89	499	126	528	2.72e-72	233
XP_022103306.1	ACVR2A|H.sapiens	32.340	470	267	12	58	517	59	487	1.26e-68	222
XP_022103306.1	BMPR2|H.sapiens	31.013	474	258	13	53	499	60	491	2.95e-60	206
XP_022103314.1	ACVR1|H.sapiens	56.800	500	187	9	4	494	22	501	0.0	550
XP_022103314.1	ACVRL1|H.sapiens	53.878	477	205	9	18	494	34	495	9.06e-170	481
XP_022103314.1	TGFBR1|H.sapiens	52.706	425	184	3	69	493	90	497	9.68e-155	443
XP_022103314.1	ACVR1C|H.sapiens	49.170	482	227	7	19	497	27	493	5.49e-153	438
XP_022103314.1	BMPR1A|H.sapiens	47.581	496	240	7	1	494	50	527	4.72e-151	435
XP_022103314.1	BMPR1B|H.sapiens	48.832	471	219	8	29	494	44	497	1.65e-149	430
XP_022103314.1	ACVR1B|H.sapiens	48.660	485	219	9	18	492	34	498	1.57e-145	420
XP_022103314.1	ACVR2B|H.sapiens	32.712	483	273	12	25	498	49	488	1.97e-74	236
XP_022103314.1	TGFBR2|H.sapiens	34.845	419	249	7	68	478	126	528	2.01e-72	233
XP_022103314.1	ACVR2A|H.sapiens	32.340	470	267	12	37	496	59	487	9.83e-69	221
XP_022103314.1	BMPR2|H.sapiens	31.013	474	258	13	32	478	60	491	3.38e-60	206
XP_022103322.1	ACVR1|H.sapiens	56.800	500	187	9	4	494	22	501	0.0	550
XP_022103322.1	ACVRL1|H.sapiens	53.878	477	205	9	18	494	34	495	9.06e-170	481
XP_022103322.1	TGFBR1|H.sapiens	52.706	425	184	3	69	493	90	497	9.68e-155	443
XP_022103322.1	ACVR1C|H.sapiens	49.170	482	227	7	19	497	27	493	5.49e-153	438
XP_022103322.1	BMPR1A|H.sapiens	47.581	496	240	7	1	494	50	527	4.72e-151	435
XP_022103322.1	BMPR1B|H.sapiens	48.832	471	219	8	29	494	44	497	1.65e-149	430
XP_022103322.1	ACVR1B|H.sapiens	48.660	485	219	9	18	492	34	498	1.57e-145	420
XP_022103322.1	ACVR2B|H.sapiens	32.712	483	273	12	25	498	49	488	1.97e-74	236
XP_022103322.1	TGFBR2|H.sapiens	34.845	419	249	7	68	478	126	528	2.01e-72	233
XP_022103322.1	ACVR2A|H.sapiens	32.340	470	267	12	37	496	59	487	9.83e-69	221
XP_022103322.1	BMPR2|H.sapiens	31.013	474	258	13	32	478	60	491	3.38e-60	206
XP_022103328.1	ACVR1|H.sapiens	56.800	500	187	9	4	494	22	501	0.0	550
XP_022103328.1	ACVRL1|H.sapiens	53.878	477	205	9	18	494	34	495	9.06e-170	481
XP_022103328.1	TGFBR1|H.sapiens	52.706	425	184	3	69	493	90	497	9.68e-155	443
XP_022103328.1	ACVR1C|H.sapiens	49.170	482	227	7	19	497	27	493	5.49e-153	438
XP_022103328.1	BMPR1A|H.sapiens	47.581	496	240	7	1	494	50	527	4.72e-151	435
XP_022103328.1	BMPR1B|H.sapiens	48.832	471	219	8	29	494	44	497	1.65e-149	430
XP_022103328.1	ACVR1B|H.sapiens	48.660	485	219	9	18	492	34	498	1.57e-145	420
XP_022103328.1	ACVR2B|H.sapiens	32.712	483	273	12	25	498	49	488	1.97e-74	236
XP_022103328.1	TGFBR2|H.sapiens	34.845	419	249	7	68	478	126	528	2.01e-72	233
XP_022103328.1	ACVR2A|H.sapiens	32.340	470	267	12	37	496	59	487	9.83e-69	221
XP_022103328.1	BMPR2|H.sapiens	31.013	474	258	13	32	478	60	491	3.38e-60	206
XP_022109707.1	TGFBR1|H.sapiens	65.570	395	123	4	192	581	117	503	0.0	528
XP_022109707.1	ACVR1B|H.sapiens	72.256	328	90	1	255	581	178	505	2.21e-176	501
XP_022109707.1	ACVR1C|H.sapiens	61.307	398	144	4	187	580	101	492	9.61e-174	494
XP_022109707.1	BMPR1B|H.sapiens	59.211	380	150	3	203	581	127	502	2.47e-154	445
XP_022109707.1	ACVR1|H.sapiens	57.825	377	158	1	198	573	122	498	9.79e-153	441
XP_022109707.1	BMPR1A|H.sapiens	58.701	385	150	4	200	581	154	532	2.31e-152	441
XP_022109707.1	ACVRL1|H.sapiens	61.905	315	120	0	259	573	178	492	3.12e-138	404
XP_022109707.1	ACVR2A|H.sapiens	39.799	299	168	5	290	579	199	494	1.70e-70	228
XP_022109707.1	TGFBR2|H.sapiens	34.236	406	238	8	169	563	144	531	6.53e-67	220
XP_022109707.1	ACVR2B|H.sapiens	37.919	298	178	4	281	574	188	482	9.50e-67	218
XP_022109707.1	BMPR2|H.sapiens	40.816	294	159	7	283	563	203	494	7.59e-62	213
XP_022083747.1	PF00087|P.ariabilis	26.429	140	81	8	1	134	1	124	7.06e-06	35.0
XP_022086696.1	Lynx2|N.lugens	28.926	121	72	4	19	127	30	148	4.03e-10	46.6
XP_022086696.1	Lynx1|N.lugens	29.630	135	71	6	3	127	19	139	9.37e-08	40.4
XP_022086696.1	QVR|D.melanogaster	27.119	118	68	5	19	126	39	148	3.19e-07	38.9
XP_022086696.1	Ly21.3|D.rerio	35.526	76	42	2	38	113	113	181	1.39e-06	37.4
XP_022086696.1	Ly21.4|D.rerio	29.670	91	44	3	19	109	117	187	7.84e-06	35.4
XP_022086696.1	Tfp5|X.laevis	35.065	77	37	3	1	74	1	67	8.69e-06	34.7
XP_022086696.1	PF00087|P.ariabilis	29.231	130	72	7	3	127	5	119	9.95e-06	34.3
XP_022088502.1	BMPR2|H.sapiens	47.826	529	251	10	51	575	54	561	2.84e-162	499
XP_022088502.1	ACVR2A|H.sapiens	34.969	489	246	18	57	524	50	487	1.89e-79	261
XP_022088502.1	ACVR2B|H.sapiens	35.256	468	257	14	57	516	49	478	2.00e-77	256
XP_022088502.1	TGFBR2|H.sapiens	38.462	312	176	6	214	519	240	541	4.72e-63	216
XP_022088502.1	TGFBR1|H.sapiens	39.465	299	164	7	224	519	211	495	5.52e-62	212
XP_022088502.1	BMPR1B|H.sapiens	30.417	480	272	15	64	519	53	494	3.53e-61	209
XP_022088502.1	BMPR1A|H.sapiens	29.400	500	275	20	52	520	73	525	2.51e-60	207
XP_022088502.1	ACVR1|H.sapiens	31.935	429	239	12	121	519	93	498	5.49e-60	206
XP_022088502.1	ACVR1C|H.sapiens	39.130	299	171	7	223	521	200	487	2.17e-59	204
XP_022088502.1	ACVR1B|H.sapiens	38.411	302	169	7	223	521	212	499	2.77e-59	204
XP_022088502.1	ACVRL1|H.sapiens	38.538	301	172	7	217	516	201	489	4.55e-56	194
XP_022088503.1	BMPR2|H.sapiens	47.826	529	251	10	51	575	54	561	2.84e-162	499
XP_022088503.1	ACVR2A|H.sapiens	34.969	489	246	18	57	524	50	487	1.89e-79	261
XP_022088503.1	ACVR2B|H.sapiens	35.256	468	257	14	57	516	49	478	2.00e-77	256
XP_022088503.1	TGFBR2|H.sapiens	38.462	312	176	6	214	519	240	541	4.72e-63	216
XP_022088503.1	TGFBR1|H.sapiens	39.465	299	164	7	224	519	211	495	5.52e-62	212
XP_022088503.1	BMPR1B|H.sapiens	30.417	480	272	15	64	519	53	494	3.53e-61	209
XP_022088503.1	BMPR1A|H.sapiens	29.400	500	275	20	52	520	73	525	2.51e-60	207
XP_022088503.1	ACVR1|H.sapiens	31.935	429	239	12	121	519	93	498	5.49e-60	206
XP_022088503.1	ACVR1C|H.sapiens	39.130	299	171	7	223	521	200	487	2.17e-59	204
XP_022088503.1	ACVR1B|H.sapiens	38.411	302	169	7	223	521	212	499	2.77e-59	204
XP_022088503.1	ACVRL1|H.sapiens	38.538	301	172	7	217	516	201	489	4.55e-56	194
XP_022094712.1	Tfp2|X.laevis	31.746	126	64	6	5	125	1	109	2.20e-09	44.7
XP_022094712.1	Tfp5|X.laevis	35.294	85	44	4	5	87	1	76	4.94e-08	40.8
XP_022094712.1	PSCA|G.gallus	24.390	123	75	4	8	130	6	110	1.34e-06	37.0
XP_022094712.1	Lypd1|H.sapiens	27.778	90	60	3	23	112	1	85	2.70e-06	35.4
XP_022096499.1	Lynx2|N.lugens	25.714	140	73	6	8	124	17	148	2.50e-06	36.6
XP_022096499.1	Tfp1|X.laevis	27.928	111	59	5	1	110	7	97	9.80e-06	34.3
XP_022096505.1	Lynx2|N.lugens	27.660	141	69	8	8	124	17	148	1.17e-07	40.0
XP_022096357.1	Tfp1|X.laevis	27.928	111	59	5	1	110	7	97	9.80e-06	34.3
XP_022096470.1	PF00087|P.ariabilis	25.781	128	78	5	4	123	3	121	4.41e-06	35.4
XP_022096461.1	Lynx2|N.lugens	25.833	120	76	4	1	108	12	130	9.51e-07	37.4
XP_022097821.1	Ly6a|M.musculus	36.667	90	35	5	87	161	25	107	5.70e-06	37.0
XP_022099040.1	BAMBI|H.sapiens	36.816	201	99	7	14	199	8	195	5.69e-37	124
XP_022099041.1	BAMBI|H.sapiens	38.587	184	85	7	15	183	25	195	2.96e-36	122
XP_022099198.1	PF00087|P.ariabilis	27.068	133	82	5	78	205	1	123	7.44e-09	44.3
XP_022099851.1	TGFBR2|H.sapiens	42.615	413	211	9	179	580	144	541	8.63e-108	328
XP_022099851.1	ACVR2A|H.sapiens	35.398	452	222	12	130	580	100	482	1.34e-80	255
XP_022099851.1	ACVR2B|H.sapiens	32.696	523	258	17	62	580	49	481	7.03e-80	253
XP_022099851.1	ACVR1B|H.sapiens	41.368	307	164	5	274	580	207	497	7.24e-78	248
XP_022099851.1	TGFBR1|H.sapiens	40.391	307	167	5	274	580	205	495	7.41e-78	248
XP_022099851.1	ACVR1C|H.sapiens	33.556	450	244	11	135	580	87	485	1.00e-77	247
XP_022099851.1	BMPR2|H.sapiens	38.517	418	206	12	171	581	132	505	1.16e-74	249
XP_022099851.1	BMPR1A|H.sapiens	33.750	400	236	10	189	581	148	525	2.97e-71	231
XP_022099851.1	ACVR1|H.sapiens	37.459	307	176	5	274	580	208	498	1.52e-69	226
XP_022099851.1	BMPR1B|H.sapiens	32.339	436	260	11	154	580	85	494	6.34e-69	224
XP_022099851.1	ACVRL1|H.sapiens	38.111	307	174	6	274	580	202	492	6.01e-66	216
XP_022099852.1	TGFBR2|H.sapiens	42.615	413	211	9	123	524	144	541	1.63e-108	328
XP_022099852.1	ACVR2A|H.sapiens	35.398	452	222	12	74	524	100	482	2.70e-81	255
XP_022099852.1	ACVR2B|H.sapiens	32.696	523	258	17	6	524	49	481	1.30e-80	254
XP_022099852.1	TGFBR1|H.sapiens	40.391	307	167	5	218	524	205	495	2.28e-78	248
XP_022099852.1	ACVR1C|H.sapiens	33.703	451	242	12	79	524	87	485	2.32e-78	247
XP_022099852.1	ACVR1B|H.sapiens	41.368	307	164	5	218	524	207	497	2.60e-78	247
XP_022099852.1	BMPR2|H.sapiens	38.517	418	206	12	115	525	132	505	1.01e-75	251
XP_022099852.1	BMPR1A|H.sapiens	34.414	401	232	12	133	525	148	525	3.12e-72	232
XP_022099852.1	ACVR1|H.sapiens	37.459	307	176	5	218	524	208	498	3.75e-70	226
XP_022099852.1	BMPR1B|H.sapiens	31.724	435	264	10	98	524	85	494	9.56e-70	224
XP_022099852.1	ACVRL1|H.sapiens	38.111	307	174	6	218	524	202	492	1.38e-66	216
XP_022100632.1	Tfp2|X.laevis	30.556	108	65	5	4	109	8	107	3.58e-07	38.1
XP_022100632.1	Lynx2|N.lugens	28.099	121	63	6	18	118	28	144	7.30e-07	37.7
XP_022100632.1	Lynx1|M.musculus	25.203	123	78	4	2	123	3	112	8.04e-07	37.0
XP_022100632.1	Ly21.4|D.rerio	27.885	104	60	5	26	122	111	206	2.70e-06	36.6
XP_022105491.1	BMPR1B|H.sapiens	25.338	296	161	12	332	585	221	498	2.44e-11	58.2
XP_022105491.1	ACVR1|H.sapiens	25.342	292	164	11	332	584	225	501	5.75e-10	53.9
XP_022105491.1	ACVR2A|H.sapiens	23.684	228	146	9	358	567	234	451	6.47e-10	53.5
XP_022105491.1	TGFBR2|H.sapiens	25.907	193	122	6	337	512	272	460	1.11e-09	53.1
XP_022105491.1	ACVRL1|H.sapiens	23.311	296	173	11	332	588	219	499	3.83e-09	51.2
XP_022105491.1	ACVR1B|H.sapiens	22.456	285	190	10	332	597	224	496	6.53e-07	43.9
XP_022105491.1	TGFBR1|H.sapiens	22.069	290	172	11	332	582	222	496	7.67e-07	43.9
XP_022105492.1	BMPR1B|H.sapiens	25.338	296	161	12	332	585	221	498	2.70e-11	58.2
XP_022105492.1	ACVR1|H.sapiens	25.342	292	164	11	332	584	225	501	5.14e-10	53.9
XP_022105492.1	ACVR2A|H.sapiens	23.684	228	146	9	358	567	234	451	6.03e-10	53.5
XP_022105492.1	TGFBR2|H.sapiens	25.116	215	140	6	315	512	250	460	1.08e-09	53.1
XP_022105492.1	ACVRL1|H.sapiens	23.311	296	173	11	332	588	219	499	3.93e-09	51.2
XP_022105492.1	ACVR1B|H.sapiens	22.456	285	190	10	332	597	224	496	6.25e-07	43.9
XP_022105492.1	TGFBR1|H.sapiens	22.069	290	172	11	332	582	222	496	7.60e-07	43.5
XP_022108026.1	ACVR2A|H.sapiens	28.641	206	114	7	33	217	206	399	8.10e-16	73.9
XP_022108026.1	TGFBR2|H.sapiens	25.094	267	157	9	53	286	290	546	4.52e-15	71.6
XP_022108026.1	TGFBR1|H.sapiens	24.615	260	154	10	51	278	243	492	5.59e-13	64.7
XP_022108026.1	BMPR2|H.sapiens	25.000	212	122	7	32	216	216	417	8.97e-13	64.7
XP_022108026.1	BMPR1A|H.sapiens	25.698	179	109	5	51	215	272	440	1.48e-12	63.5
XP_022108026.1	BMPR1B|H.sapiens	23.221	267	163	9	51	285	242	498	1.60e-12	63.2
XP_022108026.1	ACVR1B|H.sapiens	23.529	289	169	12	28	278	220	494	3.46e-12	62.0
XP_022108026.1	ACVR2B|H.sapiens	24.101	278	158	12	34	270	205	470	5.13e-12	61.6
XP_022108026.1	ACVR1C|H.sapiens	24.800	250	146	10	51	268	233	472	1.04e-11	60.5
XP_022108026.1	ACVRL1|H.sapiens	23.810	294	174	13	33	287	216	498	3.62e-11	58.9
XP_022108026.1	ACVR1|H.sapiens	23.469	294	175	12	33	287	222	504	6.33e-11	58.2
XP_022108025.1	ACVR2A|H.sapiens	28.641	206	114	7	33	217	206	399	8.39e-16	73.6
XP_022108025.1	TGFBR2|H.sapiens	25.094	267	157	9	53	286	290	546	4.64e-15	71.6
XP_022108025.1	BMPR1A|H.sapiens	25.698	179	109	5	51	215	272	440	6.55e-14	67.8
XP_022108025.1	TGFBR1|H.sapiens	24.615	260	154	10	51	278	243	492	6.48e-13	64.3
XP_022108025.1	BMPR2|H.sapiens	25.000	212	122	7	32	216	216	417	9.52e-13	64.7
XP_022108025.1	BMPR1B|H.sapiens	23.221	267	163	9	51	285	242	498	1.63e-12	63.2
XP_022108025.1	ACVR1B|H.sapiens	23.529	289	169	12	28	278	220	494	3.52e-12	62.0
XP_022108025.1	ACVR2B|H.sapiens	24.101	278	158	12	34	270	205	470	5.08e-12	61.6
XP_022108025.1	ACVR1C|H.sapiens	24.800	250	146	10	51	268	233	472	1.16e-11	60.5
XP_022108025.1	ACVRL1|H.sapiens	23.810	294	174	13	33	287	216	498	3.44e-11	58.9
XP_022108025.1	ACVR1|H.sapiens	23.469	294	175	12	33	287	222	504	6.12e-11	58.2
XP_022108029.1	ACVR2A|H.sapiens	28.641	206	114	7	33	217	206	399	8.70e-16	73.6
XP_022108029.1	TGFBR2|H.sapiens	25.094	267	157	9	53	286	290	546	4.30e-15	71.6
XP_022108029.1	TGFBR1|H.sapiens	24.615	260	154	10	51	278	243	492	6.33e-13	64.3
XP_022108029.1	BMPR2|H.sapiens	25.000	212	122	7	32	216	216	417	1.02e-12	64.3
XP_022108029.1	BMPR1B|H.sapiens	23.221	267	163	9	51	285	242	498	1.59e-12	63.2
XP_022108029.1	BMPR1A|H.sapiens	25.698	179	109	5	51	215	272	440	1.64e-12	63.2
XP_022108029.1	ACVR1B|H.sapiens	23.529	289	169	12	28	278	220	494	3.44e-12	62.0
XP_022108029.1	ACVR2B|H.sapiens	24.101	278	158	12	34	270	205	470	5.01e-12	61.6
XP_022108029.1	ACVR1C|H.sapiens	24.800	250	146	10	51	268	233	472	1.09e-11	60.5
XP_022108029.1	ACVRL1|H.sapiens	23.810	294	174	13	33	287	216	498	3.63e-11	58.9
XP_022108029.1	ACVR1|H.sapiens	23.469	294	175	12	33	287	222	504	5.49e-11	58.2
XP_022108028.1	ACVR2A|H.sapiens	28.641	206	114	7	33	217	206	399	8.29e-16	73.6
XP_022108028.1	TGFBR2|H.sapiens	25.094	267	157	9	53	286	290	546	4.46e-15	71.6
XP_022108028.1	BMPR1A|H.sapiens	25.698	179	109	5	51	215	272	440	6.31e-14	67.8
XP_022108028.1	TGFBR1|H.sapiens	24.615	260	154	10	51	278	243	492	6.40e-13	64.3
XP_022108028.1	BMPR2|H.sapiens	25.000	212	122	7	32	216	216	417	9.33e-13	64.7
XP_022108028.1	BMPR1B|H.sapiens	23.221	267	163	9	51	285	242	498	1.58e-12	63.2
XP_022108028.1	ACVR1B|H.sapiens	23.529	289	169	12	28	278	220	494	3.48e-12	62.0
XP_022108028.1	ACVR2B|H.sapiens	24.101	278	158	12	34	270	205	470	5.02e-12	61.6
XP_022108028.1	ACVR1C|H.sapiens	24.800	250	146	10	51	268	233	472	1.15e-11	60.5
XP_022108028.1	ACVRL1|H.sapiens	23.810	294	174	13	33	287	216	498	3.37e-11	58.9
XP_022108028.1	ACVR1|H.sapiens	23.469	294	175	12	33	287	222	504	5.41e-11	58.2
XP_022108027.1	ACVR2A|H.sapiens	28.641	206	114	7	33	217	206	399	8.09e-16	73.9
XP_022108027.1	TGFBR2|H.sapiens	25.094	267	157	9	53	286	290	546	4.43e-15	71.6
XP_022108027.1	TGFBR1|H.sapiens	24.615	260	154	10	51	278	243	492	6.41e-13	64.3
XP_022108027.1	BMPR2|H.sapiens	25.000	212	122	7	32	216	216	417	9.91e-13	64.3
XP_022108027.1	BMPR1B|H.sapiens	23.221	267	163	9	51	285	242	498	1.62e-12	63.2
XP_022108027.1	BMPR1A|H.sapiens	25.698	179	109	5	51	215	272	440	1.66e-12	63.2
XP_022108027.1	ACVR1B|H.sapiens	23.529	289	169	12	28	278	220	494	3.55e-12	62.0
XP_022108027.1	ACVR2B|H.sapiens	24.101	278	158	12	34	270	205	470	5.03e-12	61.6
XP_022108027.1	ACVR1C|H.sapiens	24.800	250	146	10	51	268	233	472	1.11e-11	60.5
XP_022108027.1	ACVRL1|H.sapiens	23.810	294	174	13	33	287	216	498	3.90e-11	58.5
XP_022108027.1	ACVR1|H.sapiens	23.469	294	175	12	33	287	222	504	6.83e-11	57.8
XP_022108022.1	ACVR2A|H.sapiens	28.641	206	114	7	33	217	206	399	8.04e-16	73.9
XP_022108022.1	TGFBR2|H.sapiens	25.094	267	157	9	53	286	290	546	4.89e-15	71.6
XP_022108022.1	TGFBR1|H.sapiens	24.615	260	154	10	51	278	243	492	6.48e-13	64.3
XP_022108022.1	BMPR2|H.sapiens	25.000	212	122	7	32	216	216	417	9.45e-13	64.7
XP_022108022.1	BMPR1A|H.sapiens	25.698	179	109	5	51	215	272	440	1.56e-12	63.2
XP_022108022.1	BMPR1B|H.sapiens	23.221	267	163	9	51	285	242	498	1.63e-12	63.2
XP_022108022.1	ACVR1B|H.sapiens	23.529	289	169	12	28	278	220	494	3.53e-12	62.0
XP_022108022.1	ACVR2B|H.sapiens	24.101	278	158	12	34	270	205	470	5.09e-12	61.6
XP_022108022.1	ACVR1C|H.sapiens	24.800	250	146	10	51	268	233	472	1.16e-11	60.5
XP_022108022.1	ACVRL1|H.sapiens	23.810	294	174	13	33	287	216	498	3.47e-11	58.9
XP_022108022.1	ACVR1|H.sapiens	23.469	294	175	12	33	287	222	504	6.29e-11	58.2
XP_022108023.1	ACVR2A|H.sapiens	28.641	206	114	7	33	217	206	399	8.04e-16	73.9
XP_022108023.1	TGFBR2|H.sapiens	25.094	267	157	9	53	286	290	546	4.89e-15	71.6
XP_022108023.1	TGFBR1|H.sapiens	24.615	260	154	10	51	278	243	492	6.48e-13	64.3
XP_022108023.1	BMPR2|H.sapiens	25.000	212	122	7	32	216	216	417	9.45e-13	64.7
XP_022108023.1	BMPR1A|H.sapiens	25.698	179	109	5	51	215	272	440	1.56e-12	63.2
XP_022108023.1	BMPR1B|H.sapiens	23.221	267	163	9	51	285	242	498	1.63e-12	63.2
XP_022108023.1	ACVR1B|H.sapiens	23.529	289	169	12	28	278	220	494	3.53e-12	62.0
XP_022108023.1	ACVR2B|H.sapiens	24.101	278	158	12	34	270	205	470	5.09e-12	61.6
XP_022108023.1	ACVR1C|H.sapiens	24.800	250	146	10	51	268	233	472	1.16e-11	60.5
XP_022108023.1	ACVRL1|H.sapiens	23.810	294	174	13	33	287	216	498	3.47e-11	58.9
XP_022108023.1	ACVR1|H.sapiens	23.469	294	175	12	33	287	222	504	6.29e-11	58.2
XP_022108024.1	ACVR2A|H.sapiens	28.641	206	114	7	33	217	206	399	8.04e-16	73.9
XP_022108024.1	TGFBR2|H.sapiens	25.094	267	157	9	53	286	290	546	4.89e-15	71.6
XP_022108024.1	TGFBR1|H.sapiens	24.615	260	154	10	51	278	243	492	6.48e-13	64.3
XP_022108024.1	BMPR2|H.sapiens	25.000	212	122	7	32	216	216	417	9.45e-13	64.7
XP_022108024.1	BMPR1A|H.sapiens	25.698	179	109	5	51	215	272	440	1.56e-12	63.2
XP_022108024.1	BMPR1B|H.sapiens	23.221	267	163	9	51	285	242	498	1.63e-12	63.2
XP_022108024.1	ACVR1B|H.sapiens	23.529	289	169	12	28	278	220	494	3.53e-12	62.0
XP_022108024.1	ACVR2B|H.sapiens	24.101	278	158	12	34	270	205	470	5.09e-12	61.6
XP_022108024.1	ACVR1C|H.sapiens	24.800	250	146	10	51	268	233	472	1.16e-11	60.5
XP_022108024.1	ACVRL1|H.sapiens	23.810	294	174	13	33	287	216	498	3.47e-11	58.9
XP_022108024.1	ACVR1|H.sapiens	23.469	294	175	12	33	287	222	504	6.29e-11	58.2
XP_022109943.1	ACVR2B|H.sapiens	51.644	517	207	10	53	546	16	512	0.0	512
XP_022109943.1	ACVR2A|H.sapiens	55.647	487	188	10	68	546	47	513	2.93e-180	510
XP_022109943.1	BMPR2|H.sapiens	38.043	460	245	14	85	524	66	505	3.63e-92	296
XP_022109943.1	TGFBR2|H.sapiens	36.364	440	229	10	117	523	120	541	1.27e-86	271
XP_022109943.1	ACVR1C|H.sapiens	35.431	429	225	8	134	531	86	493	8.38e-79	248
XP_022109943.1	TGFBR1|H.sapiens	42.761	297	163	4	230	523	203	495	4.07e-77	244
XP_022109943.1	BMPR1B|H.sapiens	33.191	467	259	12	85	523	53	494	6.33e-76	241
XP_022109943.1	BMPR1A|H.sapiens	41.333	300	165	5	230	524	232	525	4.34e-75	239
XP_022109943.1	ACVR1B|H.sapiens	43.098	297	162	4	230	523	205	497	2.10e-74	237
XP_022109943.1	ACVR1|H.sapiens	42.384	302	157	5	230	523	206	498	6.13e-73	233
XP_022109943.1	ACVRL1|H.sapiens	40.506	316	170	5	230	542	200	500	9.12e-66	214
XP_022109944.1	ACVR2B|H.sapiens	51.644	517	207	10	53	546	16	512	0.0	512
XP_022109944.1	ACVR2A|H.sapiens	55.647	487	188	10	68	546	47	513	2.93e-180	510
XP_022109944.1	BMPR2|H.sapiens	38.043	460	245	14	85	524	66	505	3.63e-92	296
XP_022109944.1	TGFBR2|H.sapiens	36.364	440	229	10	117	523	120	541	1.27e-86	271
XP_022109944.1	ACVR1C|H.sapiens	35.431	429	225	8	134	531	86	493	8.38e-79	248
XP_022109944.1	TGFBR1|H.sapiens	42.761	297	163	4	230	523	203	495	4.07e-77	244
XP_022109944.1	BMPR1B|H.sapiens	33.191	467	259	12	85	523	53	494	6.33e-76	241
XP_022109944.1	BMPR1A|H.sapiens	41.333	300	165	5	230	524	232	525	4.34e-75	239
XP_022109944.1	ACVR1B|H.sapiens	43.098	297	162	4	230	523	205	497	2.10e-74	237
XP_022109944.1	ACVR1|H.sapiens	42.384	302	157	5	230	523	206	498	6.13e-73	233
XP_022109944.1	ACVRL1|H.sapiens	40.506	316	170	5	230	542	200	500	9.12e-66	214
XP_022109945.1	ACVR2B|H.sapiens	51.644	517	207	10	49	542	16	512	0.0	513
XP_022109945.1	ACVR2A|H.sapiens	55.647	487	188	10	64	542	47	513	1.29e-180	511
XP_022109945.1	BMPR2|H.sapiens	38.043	460	245	14	81	520	66	505	1.52e-92	297
XP_022109945.1	TGFBR2|H.sapiens	36.364	440	229	10	113	519	120	541	1.00e-86	271
XP_022109945.1	ACVR1C|H.sapiens	35.431	429	225	8	130	527	86	493	7.97e-79	248
XP_022109945.1	TGFBR1|H.sapiens	42.761	297	163	4	226	519	203	495	2.88e-77	244
XP_022109945.1	BMPR1B|H.sapiens	33.191	467	259	12	81	519	53	494	3.68e-76	241
XP_022109945.1	BMPR1A|H.sapiens	41.333	300	165	5	226	520	232	525	2.42e-75	240
XP_022109945.1	ACVR1B|H.sapiens	43.098	297	162	4	226	519	205	497	1.45e-74	238
XP_022109945.1	ACVR1|H.sapiens	42.384	302	157	5	226	519	206	498	3.36e-73	234
XP_022109945.1	ACVRL1|H.sapiens	41.414	297	167	4	226	519	200	492	5.55e-66	214
XP_022110517.1	BMPR1A|H.sapiens	25.902	305	178	12	617	886	233	524	7.94e-19	82.0
XP_022110517.1	BMPR2|H.sapiens	26.061	330	174	14	595	873	181	491	5.39e-18	80.5
XP_022110517.1	ACVR1B|H.sapiens	26.710	307	167	14	620	886	209	497	6.11e-18	79.3
XP_022110517.1	TGFBR1|H.sapiens	26.115	314	174	14	618	891	205	500	1.16e-17	78.2
XP_022110517.1	BMPR1B|H.sapiens	25.733	307	176	14	617	886	203	494	1.48e-17	78.2
XP_022110517.1	ACVR1C|H.sapiens	29.565	230	122	11	618	826	195	405	3.67e-16	73.6
XP_022110517.1	ACVRL1|H.sapiens	28.378	222	129	11	617	822	201	408	6.91e-16	72.8
XP_022110517.1	ACVR1|H.sapiens	28.700	223	127	12	617	822	207	414	1.47e-15	71.6
XP_022110517.1	ACVR2A|H.sapiens	25.306	245	133	10	622	835	196	421	1.44e-12	62.0
XP_022110517.1	TGFBR2|H.sapiens	22.549	306	166	15	618	873	244	528	4.46e-11	57.4
XP_022110517.1	ACVR2B|H.sapiens	22.667	300	167	14	618	873	190	468	1.28e-10	55.8
