XP_022089444.1	BMPR1B|H.sapiens	53.535	495	204	9	38	528	30	502	0.0	530
XP_022089444.1	BMPR1A|H.sapiens	53.131	495	207	12	38	528	59	532	0.0	514
XP_022089444.1	TGFBR1|H.sapiens	46.545	492	238	8	39	528	35	503	8.11e-151	434
XP_022089444.1	ACVR1C|H.sapiens	45.657	495	238	9	37	527	25	492	1.14e-144	418
XP_022089444.1	ACVR1|H.sapiens	44.239	486	246	7	36	521	38	498	1.46e-143	416
XP_022089444.1	ACVR1B|H.sapiens	54.131	351	156	3	179	528	159	505	1.18e-136	397
XP_022089444.1	ACVRL1|H.sapiens	48.565	418	206	5	111	527	89	498	3.41e-132	386
XP_022089444.1	ACVR2A|H.sapiens	37.370	289	174	5	237	522	199	483	2.57e-63	207
XP_022089444.1	TGFBR2|H.sapiens	38.158	304	178	4	230	525	244	545	6.22e-63	207
XP_022089444.1	ACVR2B|H.sapiens	37.282	287	172	6	228	510	188	470	3.34e-61	202
XP_022089444.1	BMPR2|H.sapiens	29.423	503	288	16	31	521	57	504	2.07e-55	192
XP_022103298.1	ACVR1|H.sapiens	55.078	512	212	8	12	520	5	501	0.0	551
XP_022103298.1	ACVRL1|H.sapiens	51.076	511	225	9	10	520	10	495	2.21e-170	484
XP_022103298.1	TGFBR1|H.sapiens	53.066	424	183	3	96	519	90	497	1.73e-155	446
XP_022103298.1	ACVR1C|H.sapiens	49.487	487	217	10	46	523	27	493	6.70e-154	442
XP_022103298.1	BMPR1B|H.sapiens	48.936	470	219	7	56	520	44	497	3.13e-151	435
XP_022103298.1	BMPR1A|H.sapiens	47.284	497	243	8	26	520	48	527	3.68e-151	436
XP_022103298.1	ACVR1B|H.sapiens	48.554	484	220	9	45	518	34	498	4.58e-144	417
XP_022103298.1	ACVR2B|H.sapiens	32.311	489	266	13	52	524	49	488	1.10e-73	235
XP_022103298.1	TGFBR2|H.sapiens	34.679	421	246	6	95	504	126	528	2.09e-72	233
XP_022103298.1	ACVR2A|H.sapiens	33.114	456	251	14	64	507	59	472	2.76e-69	224
XP_022103298.1	BMPR2|H.sapiens	31.290	473	257	13	59	504	60	491	1.00e-60	208
XP_022103289.1	ACVR1|H.sapiens	55.106	519	202	9	12	521	5	501	0.0	551
XP_022103289.1	ACVRL1|H.sapiens	51.367	512	223	11	10	521	10	495	8.73e-170	483
XP_022103289.1	TGFBR1|H.sapiens	52.706	425	184	3	96	520	90	497	8.85e-155	444
XP_022103289.1	ACVR1C|H.sapiens	49.170	482	227	7	46	524	27	493	1.08e-152	439
XP_022103289.1	BMPR1A|H.sapiens	47.590	498	241	7	26	521	48	527	2.10e-151	437
XP_022103289.1	BMPR1B|H.sapiens	48.832	471	219	8	56	521	44	497	2.71e-149	430
XP_022103289.1	ACVR1B|H.sapiens	48.660	485	219	9	45	519	34	498	2.54e-145	420
XP_022103289.1	ACVR2B|H.sapiens	32.712	483	273	12	52	525	49	488	2.87e-74	237
XP_022103289.1	TGFBR2|H.sapiens	34.597	422	246	6	95	505	126	528	3.12e-72	233
XP_022103289.1	ACVR2A|H.sapiens	32.967	455	254	12	64	508	59	472	1.74e-68	221
XP_022103289.1	BMPR2|H.sapiens	31.013	474	258	13	59	505	60	491	5.40e-60	206
XP_022103306.1	ACVR1|H.sapiens	56.800	500	187	9	25	515	22	501	0.0	550
XP_022103306.1	ACVRL1|H.sapiens	53.878	477	205	9	39	515	34	495	1.55e-169	482
XP_022103306.1	TGFBR1|H.sapiens	52.706	425	184	3	90	514	90	497	9.76e-155	444
XP_022103306.1	ACVR1C|H.sapiens	49.170	482	227	7	40	518	27	493	8.43e-153	439
XP_022103306.1	BMPR1A|H.sapiens	46.154	520	254	8	4	515	26	527	7.26e-152	437
XP_022103306.1	BMPR1B|H.sapiens	48.832	471	219	8	50	515	44	497	3.06e-149	430
XP_022103306.1	ACVR1B|H.sapiens	48.660	485	219	9	39	513	34	498	3.30e-145	420
XP_022103306.1	ACVR2B|H.sapiens	32.712	483	273	12	46	519	49	488	2.98e-74	236
XP_022103306.1	TGFBR2|H.sapiens	34.845	419	249	7	89	499	126	528	2.72e-72	233
XP_022103306.1	ACVR2A|H.sapiens	32.340	470	267	12	58	517	59	487	1.26e-68	222
XP_022103306.1	BMPR2|H.sapiens	31.013	474	258	13	53	499	60	491	2.95e-60	206
XP_022103314.1	ACVR1|H.sapiens	56.800	500	187	9	4	494	22	501	0.0	550
XP_022103314.1	ACVRL1|H.sapiens	53.878	477	205	9	18	494	34	495	9.06e-170	481
XP_022103314.1	TGFBR1|H.sapiens	52.706	425	184	3	69	493	90	497	9.68e-155	443
XP_022103314.1	ACVR1C|H.sapiens	49.170	482	227	7	19	497	27	493	5.49e-153	438
XP_022103314.1	BMPR1A|H.sapiens	47.581	496	240	7	1	494	50	527	4.72e-151	435
XP_022103314.1	BMPR1B|H.sapiens	48.832	471	219	8	29	494	44	497	1.65e-149	430
XP_022103314.1	ACVR1B|H.sapiens	48.660	485	219	9	18	492	34	498	1.57e-145	420
XP_022103314.1	ACVR2B|H.sapiens	32.712	483	273	12	25	498	49	488	1.97e-74	236
XP_022103314.1	TGFBR2|H.sapiens	34.845	419	249	7	68	478	126	528	2.01e-72	233
XP_022103314.1	ACVR2A|H.sapiens	32.340	470	267	12	37	496	59	487	9.83e-69	221
XP_022103314.1	BMPR2|H.sapiens	31.013	474	258	13	32	478	60	491	3.38e-60	206
XP_022103322.1	ACVR1|H.sapiens	56.800	500	187	9	4	494	22	501	0.0	550
XP_022103322.1	ACVRL1|H.sapiens	53.878	477	205	9	18	494	34	495	9.06e-170	481
XP_022103322.1	TGFBR1|H.sapiens	52.706	425	184	3	69	493	90	497	9.68e-155	443
XP_022103322.1	ACVR1C|H.sapiens	49.170	482	227	7	19	497	27	493	5.49e-153	438
XP_022103322.1	BMPR1A|H.sapiens	47.581	496	240	7	1	494	50	527	4.72e-151	435
XP_022103322.1	BMPR1B|H.sapiens	48.832	471	219	8	29	494	44	497	1.65e-149	430
XP_022103322.1	ACVR1B|H.sapiens	48.660	485	219	9	18	492	34	498	1.57e-145	420
XP_022103322.1	ACVR2B|H.sapiens	32.712	483	273	12	25	498	49	488	1.97e-74	236
XP_022103322.1	TGFBR2|H.sapiens	34.845	419	249	7	68	478	126	528	2.01e-72	233
XP_022103322.1	ACVR2A|H.sapiens	32.340	470	267	12	37	496	59	487	9.83e-69	221
XP_022103322.1	BMPR2|H.sapiens	31.013	474	258	13	32	478	60	491	3.38e-60	206
XP_022103328.1	ACVR1|H.sapiens	56.800	500	187	9	4	494	22	501	0.0	550
XP_022103328.1	ACVRL1|H.sapiens	53.878	477	205	9	18	494	34	495	9.06e-170	481
XP_022103328.1	TGFBR1|H.sapiens	52.706	425	184	3	69	493	90	497	9.68e-155	443
XP_022103328.1	ACVR1C|H.sapiens	49.170	482	227	7	19	497	27	493	5.49e-153	438
XP_022103328.1	BMPR1A|H.sapiens	47.581	496	240	7	1	494	50	527	4.72e-151	435
XP_022103328.1	BMPR1B|H.sapiens	48.832	471	219	8	29	494	44	497	1.65e-149	430
XP_022103328.1	ACVR1B|H.sapiens	48.660	485	219	9	18	492	34	498	1.57e-145	420
XP_022103328.1	ACVR2B|H.sapiens	32.712	483	273	12	25	498	49	488	1.97e-74	236
XP_022103328.1	TGFBR2|H.sapiens	34.845	419	249	7	68	478	126	528	2.01e-72	233
XP_022103328.1	ACVR2A|H.sapiens	32.340	470	267	12	37	496	59	487	9.83e-69	221
XP_022103328.1	BMPR2|H.sapiens	31.013	474	258	13	32	478	60	491	3.38e-60	206
XP_022109707.1	TGFBR1|H.sapiens	65.570	395	123	4	192	581	117	503	0.0	528
XP_022109707.1	ACVR1B|H.sapiens	72.256	328	90	1	255	581	178	505	2.21e-176	501
XP_022109707.1	ACVR1C|H.sapiens	61.307	398	144	4	187	580	101	492	9.61e-174	494
XP_022109707.1	BMPR1B|H.sapiens	59.211	380	150	3	203	581	127	502	2.47e-154	445
XP_022109707.1	ACVR1|H.sapiens	57.825	377	158	1	198	573	122	498	9.79e-153	441
XP_022109707.1	BMPR1A|H.sapiens	58.701	385	150	4	200	581	154	532	2.31e-152	441
XP_022109707.1	ACVRL1|H.sapiens	61.905	315	120	0	259	573	178	492	3.12e-138	404
XP_022109707.1	ACVR2A|H.sapiens	39.799	299	168	5	290	579	199	494	1.70e-70	228
XP_022109707.1	TGFBR2|H.sapiens	34.236	406	238	8	169	563	144	531	6.53e-67	220
XP_022109707.1	ACVR2B|H.sapiens	37.919	298	178	4	281	574	188	482	9.50e-67	218
XP_022109707.1	BMPR2|H.sapiens	40.816	294	159	7	283	563	203	494	7.59e-62	213
XP_022079907.1	PF00087|P.ariabilis	33.898	59	38	1	103	160	65	123	2.12e-07	39.7
XP_022079907.1	CD59|D.rerio	40.000	55	27	1	100	148	47	101	3.36e-06	36.2
XP_022083747.1	PF00087|P.ariabilis	26.429	140	81	8	1	134	1	124	7.06e-06	35.0
XP_022086583.1	Lynx2|N.lugens	29.661	118	64	4	20	118	31	148	5.83e-07	37.7
XP_022086696.1	Lynx2|N.lugens	28.926	121	72	4	19	127	30	148	4.03e-10	46.6
XP_022086696.1	Lynx1|N.lugens	29.630	135	71	6	3	127	19	139	9.37e-08	40.4
XP_022086696.1	QVR|D.melanogaster	27.119	118	68	5	19	126	39	148	3.19e-07	38.9
XP_022086696.1	Ly21.3|D.rerio	35.526	76	42	2	38	113	113	181	1.39e-06	37.4
XP_022086696.1	Ly21.4|D.rerio	29.670	91	44	3	19	109	117	187	7.84e-06	35.4
XP_022086696.1	Tfp5|X.laevis	35.065	77	37	3	1	74	1	67	8.69e-06	34.7
XP_022086696.1	PF00087|P.ariabilis	29.231	130	72	7	3	127	5	119	9.95e-06	34.3
XP_022087563.1	Ly21.4|D.rerio	27.559	127	68	7	5	117	6	122	5.10e-06	37.7
XP_022094218.1	PSCA|G.gallus	24.286	140	83	4	1	140	1	117	6.36e-08	40.4
XP_022094219.1	PSCA|G.gallus	24.286	140	83	4	1	140	1	117	6.36e-08	40.4
XP_022094712.1	Tfp2|X.laevis	31.746	126	64	6	5	125	1	109	2.20e-09	44.7
XP_022094712.1	Tfp5|X.laevis	35.294	85	44	4	5	87	1	76	4.94e-08	40.8
XP_022094712.1	PSCA|G.gallus	24.390	123	75	4	8	130	6	110	1.34e-06	37.0
XP_022094712.1	Lypd1|H.sapiens	27.778	90	60	3	23	112	1	85	2.70e-06	35.4
XP_022096499.1	Lynx2|N.lugens	25.714	140	73	6	8	124	17	148	2.50e-06	36.6
XP_022096499.1	Tfp1|X.laevis	27.928	111	59	5	1	110	7	97	9.80e-06	34.3
XP_022096505.1	Lynx2|N.lugens	27.660	141	69	8	8	124	17	148	1.17e-07	40.0
XP_022096357.1	Tfp1|X.laevis	27.928	111	59	5	1	110	7	97	9.80e-06	34.3
XP_022096506.1	Lynx2|N.lugens	32.836	134	60	8	20	137	29	148	1.03e-07	40.4
XP_022096506.1	PF00087|P.ariabilis	22.556	133	88	4	1	132	1	119	3.34e-06	35.8
XP_022096470.1	PF00087|P.ariabilis	25.781	128	78	5	4	123	3	121	4.41e-06	35.4
XP_022096453.1	Lynx2|N.lugens	26.812	138	83	5	1	121	6	142	2.91e-06	36.2
XP_022096454.1	Lynx2|N.lugens	26.812	138	83	5	1	121	6	142	2.91e-06	36.2
XP_022096461.1	Lynx2|N.lugens	25.833	120	76	4	1	108	12	130	9.51e-07	37.4
XP_022097821.1	Ly6a|M.musculus	36.667	90	35	5	87	161	25	107	5.70e-06	37.0
XP_022100632.1	Tfp2|X.laevis	30.556	108	65	5	4	109	8	107	3.58e-07	38.1
XP_022100632.1	Lynx2|N.lugens	28.099	121	63	6	18	118	28	144	7.30e-07	37.7
XP_022100632.1	Lynx1|M.musculus	25.203	123	78	4	2	123	3	112	8.04e-07	37.0
XP_022100632.1	Ly21.4|D.rerio	27.885	104	60	5	26	122	111	206	2.70e-06	36.6
XP_022109332.1	Lypd6|D.rerio	35.838	173	101	3	27	192	4	173	1.02e-32	108
XP_022109332.1	Lypd6|M.musculus	43.519	108	58	2	62	169	57	161	9.20e-26	90.9
XP_022109332.1	Lypd6|H.sapiens	45.238	84	43	2	71	154	2	82	1.60e-18	68.9
XP_022109332.1	Lypd6b|H.sapiens	40.476	84	47	2	71	154	2	82	1.32e-14	58.9
XP_022109943.1	ACVR2B|H.sapiens	51.644	517	207	10	53	546	16	512	0.0	512
XP_022109943.1	ACVR2A|H.sapiens	55.647	487	188	10	68	546	47	513	2.93e-180	510
XP_022109943.1	BMPR2|H.sapiens	38.043	460	245	14	85	524	66	505	3.63e-92	296
XP_022109943.1	TGFBR2|H.sapiens	36.364	440	229	10	117	523	120	541	1.27e-86	271
XP_022109943.1	ACVR1C|H.sapiens	35.431	429	225	8	134	531	86	493	8.38e-79	248
XP_022109943.1	TGFBR1|H.sapiens	42.761	297	163	4	230	523	203	495	4.07e-77	244
XP_022109943.1	BMPR1B|H.sapiens	33.191	467	259	12	85	523	53	494	6.33e-76	241
XP_022109943.1	BMPR1A|H.sapiens	41.333	300	165	5	230	524	232	525	4.34e-75	239
XP_022109943.1	ACVR1B|H.sapiens	43.098	297	162	4	230	523	205	497	2.10e-74	237
XP_022109943.1	ACVR1|H.sapiens	42.384	302	157	5	230	523	206	498	6.13e-73	233
XP_022109943.1	ACVRL1|H.sapiens	40.506	316	170	5	230	542	200	500	9.12e-66	214
XP_022109944.1	ACVR2B|H.sapiens	51.644	517	207	10	53	546	16	512	0.0	512
XP_022109944.1	ACVR2A|H.sapiens	55.647	487	188	10	68	546	47	513	2.93e-180	510
XP_022109944.1	BMPR2|H.sapiens	38.043	460	245	14	85	524	66	505	3.63e-92	296
XP_022109944.1	TGFBR2|H.sapiens	36.364	440	229	10	117	523	120	541	1.27e-86	271
XP_022109944.1	ACVR1C|H.sapiens	35.431	429	225	8	134	531	86	493	8.38e-79	248
XP_022109944.1	TGFBR1|H.sapiens	42.761	297	163	4	230	523	203	495	4.07e-77	244
XP_022109944.1	BMPR1B|H.sapiens	33.191	467	259	12	85	523	53	494	6.33e-76	241
XP_022109944.1	BMPR1A|H.sapiens	41.333	300	165	5	230	524	232	525	4.34e-75	239
XP_022109944.1	ACVR1B|H.sapiens	43.098	297	162	4	230	523	205	497	2.10e-74	237
XP_022109944.1	ACVR1|H.sapiens	42.384	302	157	5	230	523	206	498	6.13e-73	233
XP_022109944.1	ACVRL1|H.sapiens	40.506	316	170	5	230	542	200	500	9.12e-66	214
XP_022109945.1	ACVR2B|H.sapiens	51.644	517	207	10	49	542	16	512	0.0	513
XP_022109945.1	ACVR2A|H.sapiens	55.647	487	188	10	64	542	47	513	1.29e-180	511
XP_022109945.1	BMPR2|H.sapiens	38.043	460	245	14	81	520	66	505	1.52e-92	297
XP_022109945.1	TGFBR2|H.sapiens	36.364	440	229	10	113	519	120	541	1.00e-86	271
XP_022109945.1	ACVR1C|H.sapiens	35.431	429	225	8	130	527	86	493	7.97e-79	248
XP_022109945.1	TGFBR1|H.sapiens	42.761	297	163	4	226	519	203	495	2.88e-77	244
XP_022109945.1	BMPR1B|H.sapiens	33.191	467	259	12	81	519	53	494	3.68e-76	241
XP_022109945.1	BMPR1A|H.sapiens	41.333	300	165	5	226	520	232	525	2.42e-75	240
XP_022109945.1	ACVR1B|H.sapiens	43.098	297	162	4	226	519	205	497	1.45e-74	238
XP_022109945.1	ACVR1|H.sapiens	42.384	302	157	5	226	519	206	498	3.36e-73	234
XP_022109945.1	ACVRL1|H.sapiens	41.414	297	167	4	226	519	200	492	5.55e-66	214
