XP_033624296.1	ACVR2A|H.sapiens	51.796	529	221	11	22	540	9	513	8.37e-178	503
XP_033624296.1	ACVR2B|H.sapiens	50.588	510	219	9	41	540	26	512	2.74e-177	502
XP_033624296.1	BMPR2|H.sapiens	37.474	475	257	17	84	534	66	524	2.68e-91	293
XP_033624296.1	TGFBR2|H.sapiens	34.753	446	230	11	111	517	118	541	5.47e-82	259
XP_033624296.1	ACVR1C|H.sapiens	32.533	458	252	9	92	517	53	485	6.87e-77	243
XP_033624296.1	BMPR1B|H.sapiens	32.112	464	263	12	84	517	53	494	8.15e-74	235
XP_033624296.1	TGFBR1|H.sapiens	40.741	297	169	4	224	517	203	495	9.37e-74	235
XP_033624296.1	BMPR1A|H.sapiens	40.333	300	168	5	224	518	232	525	3.66e-72	232
XP_033624296.1	ACVR1B|H.sapiens	41.077	297	168	4	224	517	205	497	5.62e-71	228
XP_033624296.1	ACVR1|H.sapiens	39.735	302	165	5	224	517	206	498	2.44e-68	221
XP_033624296.1	ACVRL1|H.sapiens	38.291	316	177	5	224	536	200	500	5.58e-62	204
XP_033627268.1	ACVR1C|H.sapiens	27.232	224	121	10	1042	1239	195	402	6.60e-16	73.6
XP_033627268.1	ACVR1B|H.sapiens	27.027	222	124	9	1042	1239	207	414	2.46e-15	71.6
XP_033627268.1	TGFBR1|H.sapiens	27.928	222	122	11	1042	1239	205	412	8.37e-15	70.1
XP_033627268.1	BMPR1B|H.sapiens	26.115	314	172	15	1042	1310	204	502	5.47e-14	67.4
XP_033627268.1	BMPR1A|H.sapiens	26.073	303	164	16	1050	1307	242	529	1.83e-13	65.9
XP_033627268.1	ACVRL1|H.sapiens	27.103	214	118	9	1050	1239	210	409	6.56e-13	63.9
XP_033627268.1	TGFBR2|H.sapiens	26.697	221	119	9	1050	1240	252	459	6.02e-12	60.8
XP_033627268.1	ACVR1|H.sapiens	27.230	213	119	11	1050	1239	216	415	1.57e-11	59.3
XP_033627268.1	ACVR2B|H.sapiens	27.948	229	121	13	1042	1240	184	398	2.46e-10	55.8
XP_033627268.1	ACVR2A|H.sapiens	26.994	163	93	8	1099	1240	242	399	1.22e-09	53.5
XP_033627268.1	BMPR2|H.sapiens	23.843	281	155	13	1046	1292	207	462	5.33e-09	51.6
XP_033627087.1	Lynx1|N.lugens	27.559	127	71	6	4	119	18	134	3.57e-06	36.2
XP_033629184.1	ACVR1|H.sapiens	55.936	497	199	9	25	518	22	501	0.0	542
XP_033629184.1	ACVRL1|H.sapiens	52.495	501	214	7	18	518	19	495	2.16e-174	494
XP_033629184.1	ACVR1C|H.sapiens	49.272	481	221	10	37	515	26	485	8.95e-154	441
XP_033629184.1	TGFBR1|H.sapiens	48.041	485	218	7	39	517	41	497	4.78e-153	440
XP_033629184.1	BMPR1A|H.sapiens	45.600	500	249	7	21	518	49	527	2.84e-152	439
XP_033629184.1	BMPR1B|H.sapiens	44.828	522	250	9	8	522	11	501	2.15e-149	431
XP_033629184.1	ACVR1B|H.sapiens	46.926	488	226	8	39	516	34	498	1.81e-143	415
XP_033629184.1	ACVR2B|H.sapiens	32.669	502	266	15	47	527	43	493	5.27e-75	239
XP_033629184.1	ACVR2A|H.sapiens	33.264	478	271	12	57	527	58	494	3.51e-74	236
XP_033629184.1	TGFBR2|H.sapiens	34.118	425	237	8	94	502	131	528	1.50e-68	223
XP_033629184.1	BMPR2|H.sapiens	33.333	414	226	11	100	502	117	491	1.89e-61	210
XP_033629186.1	ACVR1|H.sapiens	55.936	497	199	9	4	497	22	501	0.0	541
XP_033629186.1	ACVRL1|H.sapiens	53.144	493	207	7	5	497	27	495	4.97e-174	493
XP_033629186.1	ACVR1C|H.sapiens	49.272	481	221	10	16	494	26	485	5.46e-154	441
XP_033629186.1	TGFBR1|H.sapiens	48.041	485	218	7	18	496	41	497	4.86e-153	439
XP_033629186.1	BMPR1A|H.sapiens	45.491	499	249	7	1	497	50	527	7.19e-152	437
XP_033629186.1	BMPR1B|H.sapiens	46.639	476	227	6	32	501	47	501	2.88e-148	427
XP_033629186.1	ACVR1B|H.sapiens	46.926	488	226	8	18	495	34	498	1.50e-143	415
XP_033629186.1	ACVR2B|H.sapiens	32.735	501	267	14	26	506	43	493	2.85e-75	239
XP_033629186.1	ACVR2A|H.sapiens	33.264	478	271	12	36	506	58	494	2.48e-74	236
XP_033629186.1	TGFBR2|H.sapiens	34.118	425	237	8	73	481	131	528	8.52e-69	223
XP_033629186.1	BMPR2|H.sapiens	33.333	414	226	11	79	481	117	491	1.97e-61	209
XP_033629187.1	ACVR1|H.sapiens	55.936	497	199	9	4	497	22	501	0.0	541
XP_033629187.1	ACVRL1|H.sapiens	53.144	493	207	7	5	497	27	495	4.97e-174	493
XP_033629187.1	ACVR1C|H.sapiens	49.272	481	221	10	16	494	26	485	5.46e-154	441
XP_033629187.1	TGFBR1|H.sapiens	48.041	485	218	7	18	496	41	497	4.86e-153	439
XP_033629187.1	BMPR1A|H.sapiens	45.491	499	249	7	1	497	50	527	7.19e-152	437
XP_033629187.1	BMPR1B|H.sapiens	46.639	476	227	6	32	501	47	501	2.88e-148	427
XP_033629187.1	ACVR1B|H.sapiens	46.926	488	226	8	18	495	34	498	1.50e-143	415
XP_033629187.1	ACVR2B|H.sapiens	32.735	501	267	14	26	506	43	493	2.85e-75	239
XP_033629187.1	ACVR2A|H.sapiens	33.264	478	271	12	36	506	58	494	2.48e-74	236
XP_033629187.1	TGFBR2|H.sapiens	34.118	425	237	8	73	481	131	528	8.52e-69	223
XP_033629187.1	BMPR2|H.sapiens	33.333	414	226	11	79	481	117	491	1.97e-61	209
XP_033628697.1	TGFBR1|H.sapiens	63.529	425	146	5	151	573	86	503	0.0	528
XP_033628697.1	ACVR1B|H.sapiens	72.866	328	88	1	247	573	178	505	3.53e-175	498
XP_033628697.1	ACVR1C|H.sapiens	59.906	424	154	6	159	572	75	492	9.33e-175	496
XP_033628697.1	BMPR1B|H.sapiens	57.632	380	156	2	195	573	127	502	2.15e-153	442
XP_033628697.1	ACVR1|H.sapiens	64.062	320	114	1	247	565	179	498	3.78e-150	434
XP_033628697.1	BMPR1A|H.sapiens	63.363	333	121	1	242	573	200	532	6.49e-150	434
XP_033628697.1	ACVRL1|H.sapiens	61.613	310	119	0	256	565	183	492	4.62e-136	398
XP_033628697.1	ACVR2A|H.sapiens	39.735	302	170	5	279	571	196	494	3.20e-70	227
XP_033628697.1	ACVR2B|H.sapiens	38.255	298	177	4	273	566	188	482	1.41e-66	217
XP_033628697.1	TGFBR2|H.sapiens	36.810	326	190	4	249	566	225	542	3.51e-66	218
XP_033628697.1	BMPR2|H.sapiens	40.404	297	156	8	275	555	203	494	1.98e-61	211
XP_033638845.1	Lynx1|N.lugens	29.060	117	65	5	10	116	18	126	1.76e-06	37.0
XP_033638895.1	CD59|D.rerio	30.476	105	57	4	5	107	7	97	1.75e-07	38.9
XP_033638895.1	Lynx2|N.lugens	26.923	130	79	4	7	121	17	145	3.92e-07	38.5
XP_033638895.1	Ly21.1|D.rerio	37.333	75	39	3	55	126	127	196	8.68e-06	35.0
XP_033638896.1	CD59|D.rerio	30.476	105	57	4	5	107	7	97	1.75e-07	38.9
XP_033638896.1	Lynx2|N.lugens	26.923	130	79	4	7	121	17	145	3.92e-07	38.5
XP_033638896.1	Ly21.1|D.rerio	37.333	75	39	3	55	126	127	196	8.68e-06	35.0
XP_033638855.1	Tfp2|X.laevis	33.673	98	59	4	7	102	7	100	1.12e-07	39.7
XP_033638855.1	Lynx1|M.musculus	28.333	120	74	5	5	120	4	115	5.44e-07	37.7
XP_033638835.1	Lynx1|M.musculus	29.412	119	70	6	55	169	7	115	2.93e-06	36.6
XP_033638465.1	Ly21.5|D.rerio	31.111	90	58	3	23	111	110	196	2.08e-07	39.3
XP_033638465.1	Ly21.6|D.rerio	32.609	92	55	3	23	111	110	197	3.46e-07	38.9
XP_033638465.1	Ly21.3|D.rerio	27.907	86	60	2	23	108	107	190	3.73e-06	35.8
XP_033638384.1	Ly21.7|D.rerio	31.148	61	42	0	46	106	28	88	1.82e-06	37.0
XP_033638407.1	Ly21.1|D.rerio	25.523	239	123	11	6	238	7	196	5.71e-07	40.4
XP_033638407.1	Ly21.5|D.rerio	27.941	204	117	11	3	200	2	181	3.94e-06	37.7
XP_033638913.1	Candoxin|B.candidus	32.812	64	38	2	40	103	29	87	8.48e-06	33.9
XP_033639490.1	PF00087|P.ariabilis	23.780	164	85	6	7	169	1	125	7.53e-08	41.2
XP_033639820.1	Tfp2|X.laevis	35.398	113	63	8	12	121	1	106	4.30e-06	35.8
XP_033640722.1	PF00087|P.ariabilis	27.820	133	80	5	57	186	1	120	1.12e-07	40.8
XP_033641865.1	Lynx1|M.musculus	30.612	98	54	4	9	102	7	94	1.98e-06	36.2
XP_033644308.1	BMPR1B|H.sapiens	53.737	495	204	9	9	500	30	502	0.0	531
XP_033644308.1	BMPR1A|H.sapiens	52.218	496	211	11	9	500	59	532	0.0	517
XP_033644308.1	TGFBR1|H.sapiens	46.761	494	235	9	10	500	35	503	4.61e-149	428
XP_033644308.1	ACVR1C|H.sapiens	45.473	486	240	7	8	493	25	485	1.93e-144	416
XP_033644308.1	ACVR1|H.sapiens	44.172	489	247	9	7	495	38	500	4.70e-142	410
XP_033644308.1	ACVR1B|H.sapiens	53.561	351	158	3	151	500	159	505	3.44e-135	393
XP_033644308.1	ACVRL1|H.sapiens	47.381	420	209	4	82	499	89	498	2.27e-131	383
XP_033644308.1	ACVR2A|H.sapiens	39.792	289	167	5	209	494	199	483	1.63e-68	220
XP_033644308.1	ACVR2B|H.sapiens	39.024	287	167	5	200	482	188	470	3.60e-66	214
XP_033644308.1	TGFBR2|H.sapiens	37.829	304	179	4	202	497	244	545	3.20e-63	207
XP_033644308.1	BMPR2|H.sapiens	34.541	414	223	13	81	482	116	493	1.12e-61	209
XP_033645968.1	PF00087|P.ariabilis	22.581	124	86	4	1	123	1	115	4.58e-06	35.4
